cucharada;20.8